function [ matrix_data_rates ] = func_80211n_data_rates_supported_get()
matrix_data_rates = [[ 6.50,     7.20, 	 13.50,	 15.00];
                     [ 13.00, 	14.40, 	 27.00,	 30.00];
                     [ 19.50, 	21.70, 	 40.50,	 45.00];
                     [ 26.00, 	28.90, 	 54.00,	 60.00];
                     [ 39.00, 	43.30, 	 81.00,	 90.00];
                     [ 52.00, 	57.80, 	108.00,	120.00];
                     [ 58.50, 	65.00, 	121.50,	135.00];
                     [ 65.00, 	72.20, 	135.00,	150.00];
                     [ 13.00, 	14.40, 	 27.00,  30.00];
                     [ 26.00, 	28.90, 	 54.00,  60.00];
                     [ 39.00, 	43.30, 	 81.00,  90.00];
                     [ 52.00, 	57.80, 	108.00,	120.00];
                     [ 78.00, 	86.70, 	162.00,	180.00];
                     [ 104.00, 	115.60,	216.00,	240.00];
                     [ 117.00, 	130.00,	243.00,	270.00];
                     [ 130.00, 	144.40,	270.00,	300.00];
                     [  19.50, 	 21.70,	 40.50,	 45.00];
                     [  39.00, 	 43.30,	 81.00,  90.00];
                     [  58.50, 	 65.00,	121.50,	135.00];
                     [  78.00, 	 86.70,	162.00,	180.00];
                     [ 117.00, 	130.00,	243.00,	270.00];
                     [ 156.00, 	173.30,	324.00,	360.00];
                     [ 175.50, 	195.00,	364.50,	405.00];
                     [ 195.00, 	216.70,	405.00,	450.00];
                     [  26.00, 	 28.80,	 54.00,	 60.00];
                     [  52.00,   57.60,	108.00,	120.00];
                     [  78.00, 	 86.80,	162.00,	180.00];
                     [ 104.00, 	115.60, 216.00,	240.00];
                     [ 156.00, 	173.20,	324.00,	360.00];
                     [ 208.00,	231.20,	432.00,	480.00];
                     [ 234.00, 	260.00,	486.00,	540.00];
                     [ 260.00, 	288.80,	540.00,	600.00]];

end

